<?xml version="1.0" encoding="UTF-8"?>
<scene>
	<FPS>24.000000</FPS>
	<matrix type="Space" coordinateSystem="LEFT_HANDED" upAxis="Y">
	<!--Space meant for export, all vertices were exported in Blender's native space, multiply by this space to properly convert-->
		1.000000, 0.000000, 0.000000, 0.000000;
		0.000000, -0.000000, 1.000000, 0.000000;
		0.000000, 1.000000, 0.000000, 0.000000;
		0.000000, 0.000000, 0.000000, 1.000000;;
	</matrix>
	<object type="armature" name="Armature.001">
		<matrix type="world">
		<!--matrix is row major-->
			1.000000, 0.000000, 0.000000, 0.000000;
			0.000000, 1.000000, 0.000000, 0.000000;
			0.000000, 0.000000, 1.000000, 0.000000;
			0.000000, 0.000000, -1.981614, 1.000000;;
		</matrix>
		<!--these matrices are relative to the armature-->
		<matrix type="bone" name="Bottom">
			1.000000, 0.000000, 0.000000, 0.000000;
			0.000000, 0.000000, 1.000000, 0.000000;
			0.000000, -1.000000, 0.000000, 0.000000;
			0.000000, 0.000000, -1.000000, 1.000000;;
		</matrix>
		<matrix type="bone" name="Middle">
			1.000000, 0.000000, 0.000000, 0.000000;
			0.000000, 0.000000, 1.000000, 0.000000;
			0.000000, -1.000000, 0.000000, 0.000000;
			0.000000, 0.000000, 1.000000, 1.000000;;
		</matrix>
		<matrix type="bone" name="Top">
			1.000000, 0.000000, 0.000000, 0.000000;
			0.000000, 0.000000, 1.000000, 0.000000;
			0.000000, -1.000000, 0.000000, 0.000000;
			0.000000, 0.000000, 3.000000, 1.000000;;
		</matrix>
		<!--pose matrices are to be applied during the shader phase, they're the pose.bones.matrix_basis(es) in 2.75 version of blender,
		    unless you're doing ragdoll physics, in that case apply inverse_of_matrix_in_frame_before * matrix_of_current_frame to the
		    ragdoll components before sending to shader, but same rule still applies in the shader, apply the matrix as how you would
		    even without ragdolls-->
		<!--multiply non-pose matrices to the object's world matrix, as in apply it before the shader rather than passing it into the shader-->
		<animation type="pose" name="Pose" object="Bottom">
			<matrix type="animation_frame" frame="1">
				0.994494, 0.000000, 0.104792, 0.000000;
				0.000000, 1.000000, 0.000000, 0.000000;
				-0.104792, 0.000000, 0.994494, 0.000000;
				0.000000, 0.000000, 0.000000, 1.000000;;
			</matrix>
			<matrix type="animation_frame" frame="2">
				0.972213, 0.000000, 0.234097, 0.000000;
				0.000000, 1.000000, 0.000000, 0.000000;
				-0.234097, 0.000000, 0.972213, 0.000000;
				0.000000, 0.000000, 0.000000, 1.000000;;
			</matrix>
			<matrix type="animation_frame" frame="3">
				0.907741, 0.000000, 0.419530, 0.000000;
				0.000000, 1.000000, 0.000000, 0.000000;
				-0.419530, 0.000000, 0.907741, 0.000000;
				0.000000, 0.000000, 0.000000, 1.000000;;
			</matrix>
			<matrix type="animation_frame" frame="4">
				0.737768, 0.000000, 0.675054, 0.000000;
				0.000000, 1.000000, 0.000000, 0.000000;
				-0.675054, 0.000000, 0.737768, 0.000000;
				0.000000, 0.000000, 0.000000, 1.000000;;
			</matrix>
			<matrix type="animation_frame" frame="5">
				0.326482, 0.000000, 0.945203, 0.000000;
				0.000000, 1.000000, 0.000000, 0.000000;
				-0.945203, 0.000000, 0.326482, 0.000000;
				0.000000, 0.000000, 0.000000, 1.000000;;
			</matrix>
			<matrix type="animation_frame" frame="6">
				-0.411234, 0.000000, 0.911530, 0.000000;
				-0.000000, 1.000000, 0.000000, 0.000000;
				-0.911530, 0.000000, -0.411234, 0.000000;
				0.000000, 0.000000, 0.000000, 1.000000;;
			</matrix>
			<matrix type="animation_frame" frame="7">
				-0.966851, 0.000000, 0.255339, 0.000000;
				-0.000000, 1.000000, 0.000000, 0.000000;
				-0.255339, 0.000000, -0.966851, 0.000000;
				0.000000, 0.000000, 0.000000, 1.000000;;
			</matrix>
			<matrix type="animation_frame" frame="8">
				-0.897206, 0.000000, -0.441612, 0.000000;
				0.000000, 1.000000, -0.000000, 0.000000;
				0.441612, 0.000000, -0.897206, 0.000000;
				0.000000, 0.000000, 0.000000, 1.000000;;
			</matrix>
			<matrix type="animation_frame" frame="9">
				-0.610772, 0.000000, -0.791807, 0.000000;
				0.000000, 1.000000, -0.000000, 0.000000;
				0.791807, 0.000000, -0.610772, 0.000000;
				0.000000, 0.000000, 0.000000, 1.000000;;
			</matrix>
			<matrix type="animation_frame" frame="10">
				-0.371560, 0.000000, -0.928409, 0.000000;
				0.000000, 1.000000, -0.000000, 0.000000;
				0.928409, 0.000000, -0.371560, 0.000000;
				0.000000, 0.000000, 0.000000, 1.000000;;
			</matrix>
			<matrix type="animation_frame" frame="11">
				-0.209661, 0.000000, -0.977774, 0.000000;
				0.000000, 1.000000, -0.000000, 0.000000;
				0.977774, 0.000000, -0.209661, 0.000000;
				0.000000, 0.000000, 0.000000, 1.000000;;
			</matrix>
			<matrix type="animation_frame" frame="12">
				-0.106256, 0.000000, -0.994339, 0.000000;
				0.000000, 1.000000, -0.000000, 0.000000;
				0.994339, 0.000000, -0.106256, 0.000000;
				0.000000, 0.000000, 0.000000, 1.000000;;
			</matrix>
			<matrix type="animation_frame" frame="13">
				-0.043576, 0.000000, -0.999050, 0.000000;
				0.000000, 1.000000, -0.000000, 0.000000;
				0.999050, 0.000000, -0.043576, 0.000000;
				0.000000, 0.000000, 0.000000, 1.000000;;
			</matrix>
			<matrix type="animation_frame" frame="14">
				-0.010285, 0.000000, -0.999947, 0.000000;
				0.000000, 1.000000, -0.000000, 0.000000;
				0.999947, 0.000000, -0.010285, 0.000000;
				0.000000, 0.000000, 0.000000, 1.000000;;
			</matrix>
			<matrix type="animation_frame" frame="15">
				-0.000000, 0.000000, -1.000000, 0.000000;
				0.000000, 1.000000, -0.000000, 0.000000;
				1.000000, 0.000000, -0.000000, 0.000000;
				0.000000, 0.000000, 0.000000, 1.000000;;
			</matrix>
			<matrix type="animation_frame" frame="16">
				-0.015548, 0.000000, -0.999879, 0.000000;
				0.000000, 1.000000, -0.000000, 0.000000;
				0.999879, 0.000000, -0.015548, 0.000000;
				0.000000, 0.000000, 0.000000, 1.000000;;
			</matrix>
			<matrix type="animation_frame" frame="17">
				-0.061617, 0.000000, -0.998100, 0.000000;
				0.000000, 1.000000, -0.000000, 0.000000;
				0.998100, 0.000000, -0.061617, 0.000000;
				0.000000, 0.000000, 0.000000, 1.000000;;
			</matrix>
			<matrix type="animation_frame" frame="18">
				-0.141907, 0.000000, -0.989880, 0.000000;
				0.000000, 1.000000, -0.000000, 0.000000;
				0.989880, 0.000000, -0.141907, 0.000000;
				0.000000, 0.000000, 0.000000, 1.000000;;
			</matrix>
			<matrix type="animation_frame" frame="19">
				-0.265971, 0.000000, -0.963981, 0.000000;
				0.000000, 1.000000, -0.000000, 0.000000;
				0.963981, 0.000000, -0.265971, 0.000000;
				0.000000, 0.000000, 0.000000, 1.000000;;
			</matrix>
			<matrix type="animation_frame" frame="20">
				-0.448369, 0.000000, -0.893849, 0.000000;
				0.000000, 1.000000, -0.000000, 0.000000;
				0.893849, 0.000000, -0.448369, 0.000000;
				0.000000, 0.000000, 0.000000, 1.000000;;
			</matrix>
			<matrix type="animation_frame" frame="21">
				-0.697452, 0.000000, -0.716631, 0.000000;
				0.000000, 1.000000, -0.000000, 0.000000;
				0.716631, 0.000000, -0.697452, 0.000000;
				0.000000, 0.000000, 0.000000, 1.000000;;
			</matrix>
			<matrix type="animation_frame" frame="22">
				-0.951906, 0.000000, -0.306392, 0.000000;
				0.000000, 1.000000, -0.000000, 0.000000;
				0.306392, 0.000000, -0.951906, 0.000000;
				0.000000, 0.000000, 0.000000, 1.000000;;
			</matrix>
			<matrix type="animation_frame" frame="23">
				-0.914010, 0.000000, 0.405691, 0.000000;
				-0.000000, 1.000000, 0.000000, 0.000000;
				-0.405691, 0.000000, -0.914010, 0.000000;
				0.000000, 0.000000, 0.000000, 1.000000;;
			</matrix>
			<matrix type="animation_frame" frame="24">
				-0.286279, 0.000000, 0.958146, 0.000000;
				-0.000000, 1.000000, 0.000000, 0.000000;
				-0.958146, 0.000000, -0.286279, 0.000000;
				0.000000, 0.000000, 0.000000, 1.000000;;
			</matrix>
			<matrix type="animation_frame" frame="25">
				0.417232, 0.000000, 0.908800, 0.000000;
				0.000000, 1.000000, 0.000000, 0.000000;
				-0.908800, 0.000000, 0.417232, 0.000000;
				0.000000, 0.000000, 0.000000, 1.000000;;
			</matrix>
			<matrix type="animation_frame" frame="26">
				0.788928, 0.000000, 0.614486, 0.000000;
				0.000000, 1.000000, 0.000000, 0.000000;
				-0.614486, 0.000000, 0.788928, 0.000000;
				0.000000, 0.000000, 0.000000, 1.000000;;
			</matrix>
			<matrix type="animation_frame" frame="27">
				0.934569, 0.000000, 0.355782, 0.000000;
				0.000000, 1.000000, 0.000000, 0.000000;
				-0.355782, 0.000000, 0.934569, 0.000000;
				0.000000, 0.000000, 0.000000, 1.000000;;
			</matrix>
			<matrix type="animation_frame" frame="28">
				0.983261, 0.000000, 0.182200, 0.000000;
				0.000000, 1.000000, 0.000000, 0.000000;
				-0.182200, 0.000000, 0.983261, 0.000000;
				0.000000, 0.000000, 0.000000, 1.000000;;
			</matrix>
			<matrix type="animation_frame" frame="29">
				0.994494, 0.000000, 0.104792, 0.000000;
				0.000000, 1.000000, 0.000000, 0.000000;
				-0.104792, 0.000000, 0.994494, 0.000000;
				0.000000, 0.000000, 0.000000, 1.000000;;
			</matrix>
		</animation>
		<animation type="pose" name="Pose" object="Middle">
			<matrix type="animation_frame" frame="1">
				1.000000, 0.000000, 0.000000, 0.000000;
				0.000000, 1.000000, 0.000000, 0.000000;
				0.000000, 0.000000, 1.000000, 0.000000;
				0.000000, 0.000000, 0.000000, 1.000000;;
			</matrix>
			<matrix type="animation_frame" frame="2">
				0.999998, 0.002148, 0.000000, 0.000000;
				-0.002148, 0.999998, 0.000000, 0.000000;
				0.000000, 0.000000, 1.000000, 0.000000;
				0.000000, 0.000000, 0.000000, 1.000000;;
			</matrix>
			<matrix type="animation_frame" frame="3">
				0.999963, 0.008639, 0.000000, 0.000000;
				-0.008639, 0.999963, 0.000000, 0.000000;
				0.000000, 0.000000, 1.000000, 0.000000;
				0.000000, 0.000000, 0.000000, 1.000000;;
			</matrix>
			<matrix type="animation_frame" frame="4">
				0.999809, 0.019525, 0.000000, 0.000000;
				-0.019525, 0.999809, 0.000000, 0.000000;
				0.000000, 0.000000, 1.000000, 0.000000;
				0.000000, 0.000000, 0.000000, 1.000000;;
			</matrix>
			<matrix type="animation_frame" frame="5">
				0.999393, 0.034829, 0.000000, 0.000000;
				-0.034829, 0.999393, 0.000000, 0.000000;
				0.000000, 0.000000, 1.000000, 0.000000;
				0.000000, 0.000000, 0.000000, 1.000000;;
			</matrix>
			<matrix type="animation_frame" frame="6">
				0.998512, 0.054524, 0.000000, 0.000000;
				-0.054524, 0.998512, 0.000000, 0.000000;
				0.000000, 0.000000, 1.000000, 0.000000;
				0.000000, 0.000000, 0.000000, 1.000000;;
			</matrix>
			<matrix type="animation_frame" frame="7">
				0.996912, 0.078523, 0.000000, 0.000000;
				-0.078523, 0.996912, 0.000000, 0.000000;
				0.000000, 0.000000, 1.000000, 0.000000;
				0.000000, 0.000000, 0.000000, 1.000000;;
			</matrix>
			<matrix type="animation_frame" frame="8">
				0.994296, 0.106659, 0.000000, 0.000000;
				-0.106659, 0.994296, 0.000000, 0.000000;
				0.000000, 0.000000, 1.000000, 0.000000;
				0.000000, 0.000000, 0.000000, 1.000000;;
			</matrix>
			<matrix type="animation_frame" frame="9">
				0.990339, 0.138665, 0.000000, 0.000000;
				-0.138665, 0.990339, 0.000000, 0.000000;
				0.000000, 0.000000, 1.000000, 0.000000;
				0.000000, 0.000000, 0.000000, 1.000000;;
			</matrix>
			<matrix type="animation_frame" frame="10">
				0.984717, 0.174160, 0.000000, 0.000000;
				-0.174160, 0.984717, 0.000000, 0.000000;
				0.000000, 0.000000, 1.000000, 0.000000;
				0.000000, 0.000000, 0.000000, 1.000000;;
			</matrix>
			<matrix type="animation_frame" frame="11">
				0.977130, 0.212645, 0.000000, 0.000000;
				-0.212645, 0.977130, 0.000000, 0.000000;
				0.000000, 0.000000, 1.000000, 0.000000;
				0.000000, 0.000000, 0.000000, 1.000000;;
			</matrix>
			<matrix type="animation_frame" frame="12">
				0.967336, 0.253499, 0.000000, 0.000000;
				-0.253499, 0.967336, 0.000000, 0.000000;
				0.000000, 0.000000, 1.000000, 0.000000;
				0.000000, 0.000000, 0.000000, 1.000000;;
			</matrix>
			<matrix type="animation_frame" frame="13">
				0.955189, 0.295997, 0.000000, 0.000000;
				-0.295997, 0.955189, 0.000000, 0.000000;
				0.000000, 0.000000, 1.000000, 0.000000;
				0.000000, 0.000000, 0.000000, 1.000000;;
			</matrix>
			<matrix type="animation_frame" frame="14">
				0.940664, 0.339338, 0.000000, 0.000000;
				-0.339338, 0.940664, 0.000000, 0.000000;
				0.000000, 0.000000, 1.000000, 0.000000;
				0.000000, 0.000000, 0.000000, 1.000000;;
			</matrix>
			<matrix type="animation_frame" frame="15">
				0.923880, 0.382683, 0.000000, 0.000000;
				-0.382683, 0.923880, 0.000000, 0.000000;
				0.000000, 0.000000, 1.000000, 0.000000;
				0.000000, 0.000000, 0.000000, 1.000000;;
			</matrix>
			<matrix type="animation_frame" frame="16">
				0.905099, 0.425202, 0.000000, 0.000000;
				-0.425202, 0.905099, 0.000000, 0.000000;
				0.000000, 0.000000, 1.000000, 0.000000;
				0.000000, 0.000000, 0.000000, 1.000000;;
			</matrix>
			<matrix type="animation_frame" frame="17">
				0.884722, 0.466119, 0.000000, 0.000000;
				-0.466119, 0.884722, 0.000000, 0.000000;
				0.000000, 0.000000, 1.000000, 0.000000;
				0.000000, 0.000000, 0.000000, 1.000000;;
			</matrix>
			<matrix type="animation_frame" frame="18">
				0.863260, 0.504759, 0.000000, 0.000000;
				-0.504759, 0.863260, 0.000000, 0.000000;
				0.000000, 0.000000, 1.000000, 0.000000;
				0.000000, 0.000000, 0.000000, 1.000000;;
			</matrix>
			<matrix type="animation_frame" frame="19">
				0.841297, 0.540573, 0.000000, 0.000000;
				-0.540573, 0.841297, 0.000000, 0.000000;
				0.000000, 0.000000, 1.000000, 0.000000;
				0.000000, 0.000000, 0.000000, 1.000000;;
			</matrix>
			<matrix type="animation_frame" frame="20">
				0.819450, 0.573151, 0.000000, 0.000000;
				-0.573151, 0.819450, 0.000000, 0.000000;
				0.000000, 0.000000, 1.000000, 0.000000;
				0.000000, 0.000000, 0.000000, 1.000000;;
			</matrix>
			<matrix type="animation_frame" frame="21">
				0.798326, 0.602225, 0.000000, 0.000000;
				-0.602225, 0.798326, 0.000000, 0.000000;
				0.000000, 0.000000, 1.000000, 0.000000;
				0.000000, 0.000000, 0.000000, 1.000000;;
			</matrix>
			<matrix type="animation_frame" frame="22">
				0.778493, 0.627654, 0.000000, 0.000000;
				-0.627654, 0.778493, 0.000000, 0.000000;
				0.000000, 0.000000, 1.000000, 0.000000;
				0.000000, 0.000000, 0.000000, 1.000000;;
			</matrix>
			<matrix type="animation_frame" frame="23">
				0.760448, 0.649399, 0.000000, 0.000000;
				-0.649399, 0.760448, 0.000000, 0.000000;
				0.000000, 0.000000, 1.000000, 0.000000;
				0.000000, 0.000000, 0.000000, 1.000000;;
			</matrix>
			<matrix type="animation_frame" frame="24">
				0.744609, 0.667501, 0.000000, 0.000000;
				-0.667501, 0.744609, 0.000000, 0.000000;
				0.000000, 0.000000, 1.000000, 0.000000;
				0.000000, 0.000000, 0.000000, 1.000000;;
			</matrix>
			<matrix type="animation_frame" frame="25">
				0.731305, 0.682050, 0.000000, 0.000000;
				-0.682050, 0.731305, 0.000000, 0.000000;
				0.000000, 0.000000, 1.000000, 0.000000;
				0.000000, 0.000000, 0.000000, 1.000000;;
			</matrix>
			<matrix type="animation_frame" frame="26">
				0.720779, 0.693165, 0.000000, 0.000000;
				-0.693165, 0.720779, 0.000000, 0.000000;
				0.000000, 0.000000, 1.000000, 0.000000;
				0.000000, 0.000000, 0.000000, 1.000000;;
			</matrix>
			<matrix type="animation_frame" frame="27">
				0.713189, 0.700972, 0.000000, 0.000000;
				-0.700972, 0.713189, 0.000000, 0.000000;
				0.000000, 0.000000, 1.000000, 0.000000;
				0.000000, 0.000000, 0.000000, 1.000000;;
			</matrix>
			<matrix type="animation_frame" frame="28">
				0.708624, 0.705586, 0.000000, 0.000000;
				-0.705586, 0.708624, 0.000000, 0.000000;
				0.000000, 0.000000, 1.000000, 0.000000;
				0.000000, 0.000000, 0.000000, 1.000000;;
			</matrix>
			<matrix type="animation_frame" frame="29">
				0.707107, 0.707107, 0.000000, 0.000000;
				-0.707107, 0.707107, 0.000000, 0.000000;
				0.000000, 0.000000, 1.000000, 0.000000;
				0.000000, 0.000000, 0.000000, 1.000000;;
			</matrix>
		</animation>
		<animation type="pose" name="Pose" object="Top">
			<matrix type="animation_frame" frame="1">
				1.000000, 0.000000, 0.000000, 0.000000;
				0.000000, 1.000000, 0.000000, 0.000000;
				0.000000, 0.000000, 1.000000, 0.000000;
				0.000000, 0.000000, 0.000000, 1.000000;;
			</matrix>
			<matrix type="animation_frame" frame="2">
				0.999998, 0.002148, 0.000000, 0.000000;
				-0.002148, 0.999998, 0.000000, 0.000000;
				0.000000, 0.000000, 1.000000, 0.000000;
				0.000000, 0.000000, 0.000000, 1.000000;;
			</matrix>
			<matrix type="animation_frame" frame="3">
				0.999963, 0.008639, 0.000000, 0.000000;
				-0.008639, 0.999963, 0.000000, 0.000000;
				0.000000, 0.000000, 1.000000, 0.000000;
				0.000000, 0.000000, 0.000000, 1.000000;;
			</matrix>
			<matrix type="animation_frame" frame="4">
				0.999809, 0.019525, 0.000000, 0.000000;
				-0.019525, 0.999809, 0.000000, 0.000000;
				0.000000, 0.000000, 1.000000, 0.000000;
				0.000000, 0.000000, 0.000000, 1.000000;;
			</matrix>
			<matrix type="animation_frame" frame="5">
				0.999393, 0.034829, 0.000000, 0.000000;
				-0.034829, 0.999393, 0.000000, 0.000000;
				0.000000, 0.000000, 1.000000, 0.000000;
				0.000000, 0.000000, 0.000000, 1.000000;;
			</matrix>
			<matrix type="animation_frame" frame="6">
				0.998512, 0.054524, 0.000000, 0.000000;
				-0.054524, 0.998512, 0.000000, 0.000000;
				0.000000, 0.000000, 1.000000, 0.000000;
				0.000000, 0.000000, 0.000000, 1.000000;;
			</matrix>
			<matrix type="animation_frame" frame="7">
				0.996912, 0.078523, 0.000000, 0.000000;
				-0.078523, 0.996912, 0.000000, 0.000000;
				0.000000, 0.000000, 1.000000, 0.000000;
				0.000000, 0.000000, 0.000000, 1.000000;;
			</matrix>
			<matrix type="animation_frame" frame="8">
				0.994296, 0.106659, 0.000000, 0.000000;
				-0.106659, 0.994296, 0.000000, 0.000000;
				0.000000, 0.000000, 1.000000, 0.000000;
				0.000000, 0.000000, 0.000000, 1.000000;;
			</matrix>
			<matrix type="animation_frame" frame="9">
				0.990339, 0.138665, 0.000000, 0.000000;
				-0.138665, 0.990339, 0.000000, 0.000000;
				0.000000, 0.000000, 1.000000, 0.000000;
				0.000000, 0.000000, 0.000000, 1.000000;;
			</matrix>
			<matrix type="animation_frame" frame="10">
				0.984717, 0.174160, 0.000000, 0.000000;
				-0.174160, 0.984717, 0.000000, 0.000000;
				0.000000, 0.000000, 1.000000, 0.000000;
				0.000000, 0.000000, 0.000000, 1.000000;;
			</matrix>
			<matrix type="animation_frame" frame="11">
				0.977130, 0.212645, 0.000000, 0.000000;
				-0.212645, 0.977130, 0.000000, 0.000000;
				0.000000, 0.000000, 1.000000, 0.000000;
				0.000000, 0.000000, 0.000000, 1.000000;;
			</matrix>
			<matrix type="animation_frame" frame="12">
				0.967336, 0.253499, 0.000000, 0.000000;
				-0.253499, 0.967336, 0.000000, 0.000000;
				0.000000, 0.000000, 1.000000, 0.000000;
				0.000000, 0.000000, 0.000000, 1.000000;;
			</matrix>
			<matrix type="animation_frame" frame="13">
				0.955189, 0.295997, 0.000000, 0.000000;
				-0.295997, 0.955189, 0.000000, 0.000000;
				0.000000, 0.000000, 1.000000, 0.000000;
				0.000000, 0.000000, 0.000000, 1.000000;;
			</matrix>
			<matrix type="animation_frame" frame="14">
				0.940664, 0.339338, 0.000000, 0.000000;
				-0.339338, 0.940664, 0.000000, 0.000000;
				0.000000, 0.000000, 1.000000, 0.000000;
				0.000000, 0.000000, 0.000000, 1.000000;;
			</matrix>
			<matrix type="animation_frame" frame="15">
				0.923880, 0.382683, 0.000000, 0.000000;
				-0.382683, 0.923880, 0.000000, 0.000000;
				0.000000, 0.000000, 1.000000, 0.000000;
				0.000000, 0.000000, 0.000000, 1.000000;;
			</matrix>
			<matrix type="animation_frame" frame="16">
				0.905099, 0.425202, 0.000000, 0.000000;
				-0.425202, 0.905099, 0.000000, 0.000000;
				0.000000, 0.000000, 1.000000, 0.000000;
				0.000000, 0.000000, 0.000000, 1.000000;;
			</matrix>
			<matrix type="animation_frame" frame="17">
				0.884722, 0.466119, 0.000000, 0.000000;
				-0.466119, 0.884722, 0.000000, 0.000000;
				0.000000, 0.000000, 1.000000, 0.000000;
				0.000000, 0.000000, 0.000000, 1.000000;;
			</matrix>
			<matrix type="animation_frame" frame="18">
				0.863260, 0.504759, 0.000000, 0.000000;
				-0.504759, 0.863260, 0.000000, 0.000000;
				0.000000, 0.000000, 1.000000, 0.000000;
				0.000000, 0.000000, 0.000000, 1.000000;;
			</matrix>
			<matrix type="animation_frame" frame="19">
				0.841297, 0.540572, 0.000000, 0.000000;
				-0.540572, 0.841297, 0.000000, 0.000000;
				0.000000, 0.000000, 1.000000, 0.000000;
				0.000000, 0.000000, 0.000000, 1.000000;;
			</matrix>
			<matrix type="animation_frame" frame="20">
				0.819450, 0.573151, 0.000000, 0.000000;
				-0.573151, 0.819450, 0.000000, 0.000000;
				0.000000, 0.000000, 1.000000, 0.000000;
				0.000000, 0.000000, 0.000000, 1.000000;;
			</matrix>
			<matrix type="animation_frame" frame="21">
				0.798326, 0.602225, 0.000000, 0.000000;
				-0.602225, 0.798326, 0.000000, 0.000000;
				0.000000, 0.000000, 1.000000, 0.000000;
				0.000000, 0.000000, 0.000000, 1.000000;;
			</matrix>
			<matrix type="animation_frame" frame="22">
				0.778493, 0.627654, 0.000000, 0.000000;
				-0.627654, 0.778493, 0.000000, 0.000000;
				0.000000, 0.000000, 1.000000, 0.000000;
				0.000000, 0.000000, 0.000000, 1.000000;;
			</matrix>
			<matrix type="animation_frame" frame="23">
				0.760448, 0.649399, 0.000000, 0.000000;
				-0.649399, 0.760448, 0.000000, 0.000000;
				0.000000, 0.000000, 1.000000, 0.000000;
				0.000000, 0.000000, 0.000000, 1.000000;;
			</matrix>
			<matrix type="animation_frame" frame="24">
				0.744609, 0.667501, 0.000000, 0.000000;
				-0.667501, 0.744609, 0.000000, 0.000000;
				0.000000, 0.000000, 1.000000, 0.000000;
				0.000000, 0.000000, 0.000000, 1.000000;;
			</matrix>
			<matrix type="animation_frame" frame="25">
				0.731305, 0.682050, 0.000000, 0.000000;
				-0.682050, 0.731305, 0.000000, 0.000000;
				0.000000, 0.000000, 1.000000, 0.000000;
				0.000000, 0.000000, 0.000000, 1.000000;;
			</matrix>
			<matrix type="animation_frame" frame="26">
				0.720779, 0.693165, 0.000000, 0.000000;
				-0.693165, 0.720779, 0.000000, 0.000000;
				0.000000, 0.000000, 1.000000, 0.000000;
				0.000000, 0.000000, 0.000000, 1.000000;;
			</matrix>
			<matrix type="animation_frame" frame="27">
				0.713189, 0.700972, 0.000000, 0.000000;
				-0.700972, 0.713189, 0.000000, 0.000000;
				0.000000, 0.000000, 1.000000, 0.000000;
				0.000000, 0.000000, 0.000000, 1.000000;;
			</matrix>
			<matrix type="animation_frame" frame="28">
				0.708624, 0.705586, 0.000000, 0.000000;
				-0.705586, 0.708624, 0.000000, 0.000000;
				0.000000, 0.000000, 1.000000, 0.000000;
				0.000000, 0.000000, 0.000000, 1.000000;;
			</matrix>
			<matrix type="animation_frame" frame="29">
				0.707107, 0.707107, 0.000000, 0.000000;
				-0.707107, 0.707107, 0.000000, 0.000000;
				0.000000, 0.000000, 1.000000, 0.000000;
				0.000000, 0.000000, 0.000000, 1.000000;;
			</matrix>
		</animation>
		<animation type="pose" name="Pose.001" object="Bottom">
			<matrix type="animation_frame" frame="1">
				0.994494, 0.000000, 0.104792, 0.000000;
				0.000000, 1.000000, 0.000000, 0.000000;
				-0.104792, 0.000000, 0.994494, 0.000000;
				0.000000, 0.000000, 0.000000, 1.000000;;
			</matrix>
			<matrix type="animation_frame" frame="2">
				-1.000000, 0.000000, 0.000000, 0.000000;
				0.000000, 1.000000, 0.000000, 0.000000;
				0.000000, 0.000000, -1.000000, 0.000000;
				0.000000, 0.000000, 0.000000, 1.000000;;
			</matrix>
			<matrix type="animation_frame" frame="3">
				-0.998996, 0.000000, 0.044801, 0.000000;
				-0.000000, 1.000000, 0.000000, 0.000000;
				-0.044801, 0.000000, -0.998996, 0.000000;
				0.000000, 0.000000, 0.000000, 1.000000;;
			</matrix>
			<matrix type="animation_frame" frame="4">
				-0.992162, 0.000000, 0.124962, 0.000000;
				-0.000000, 1.000000, 0.000000, 0.000000;
				-0.124962, 0.000000, -0.992162, 0.000000;
				0.000000, 0.000000, 0.000000, 1.000000;;
			</matrix>
			<matrix type="animation_frame" frame="5">
				-0.976037, 0.000000, 0.217607, 0.000000;
				-0.000000, 1.000000, 0.000000, 0.000000;
				-0.217607, 0.000000, -0.976037, 0.000000;
				0.000000, 0.000000, 0.000000, 1.000000;;
			</matrix>
			<matrix type="animation_frame" frame="6">
				-0.948992, 0.000000, 0.315300, 0.000000;
				-0.000000, 1.000000, 0.000000, 0.000000;
				-0.315300, 0.000000, -0.948992, 0.000000;
				0.000000, 0.000000, 0.000000, 1.000000;;
			</matrix>
			<matrix type="animation_frame" frame="7">
				-0.910425, 0.000000, 0.413674, 0.000000;
				-0.000000, 1.000000, 0.000000, 0.000000;
				-0.413674, 0.000000, -0.910425, 0.000000;
				0.000000, 0.000000, 0.000000, 1.000000;;
			</matrix>
			<matrix type="animation_frame" frame="8">
				-0.860462, 0.000000, 0.509515, 0.000000;
				-0.000000, 1.000000, 0.000000, 0.000000;
				-0.509515, 0.000000, -0.860462, 0.000000;
				0.000000, 0.000000, 0.000000, 1.000000;;
			</matrix>
			<matrix type="animation_frame" frame="9">
				-0.799795, 0.000000, 0.600273, 0.000000;
				-0.000000, 1.000000, 0.000000, 0.000000;
				-0.600273, 0.000000, -0.799795, 0.000000;
				0.000000, 0.000000, 0.000000, 1.000000;;
			</matrix>
			<matrix type="animation_frame" frame="10">
				-0.729549, 0.000000, 0.683929, 0.000000;
				-0.000000, 1.000000, 0.000000, 0.000000;
				-0.683929, 0.000000, -0.729549, 0.000000;
				0.000000, 0.000000, 0.000000, 1.000000;;
			</matrix>
			<matrix type="animation_frame" frame="11">
				-0.651139, 0.000000, 0.758958, 0.000000;
				-0.000000, 1.000000, 0.000000, 0.000000;
				-0.758958, 0.000000, -0.651139, 0.000000;
				0.000000, 0.000000, 0.000000, 1.000000;;
			</matrix>
			<matrix type="animation_frame" frame="12">
				-0.566147, 0.000000, 0.824304, 0.000000;
				-0.000000, 1.000000, 0.000000, 0.000000;
				-0.824304, 0.000000, -0.566147, 0.000000;
				0.000000, 0.000000, 0.000000, 1.000000;;
			</matrix>
			<matrix type="animation_frame" frame="13">
				-0.476193, 0.000000, 0.879341, 0.000000;
				-0.000000, 1.000000, 0.000000, 0.000000;
				-0.879341, 0.000000, -0.476193, 0.000000;
				0.000000, 0.000000, 0.000000, 1.000000;;
			</matrix>
			<matrix type="animation_frame" frame="14">
				-0.382831, 0.000000, 0.923819, 0.000000;
				-0.000000, 1.000000, 0.000000, 0.000000;
				-0.923819, 0.000000, -0.382831, 0.000000;
				0.000000, 0.000000, 0.000000, 1.000000;;
			</matrix>
			<matrix type="animation_frame" frame="15">
				-0.287465, 0.000000, 0.957791, 0.000000;
				-0.000000, 1.000000, 0.000000, 0.000000;
				-0.957791, 0.000000, -0.287465, 0.000000;
				0.000000, 0.000000, 0.000000, 1.000000;;
			</matrix>
			<matrix type="animation_frame" frame="16">
				-0.191290, 0.000000, 0.981534, 0.000000;
				-0.000000, 1.000000, 0.000000, 0.000000;
				-0.981534, 0.000000, -0.191290, 0.000000;
				0.000000, 0.000000, 0.000000, 1.000000;;
			</matrix>
			<matrix type="animation_frame" frame="17">
				-0.095247, 0.000000, 0.995454, 0.000000;
				-0.000000, 1.000000, 0.000000, 0.000000;
				-0.995454, 0.000000, -0.095247, 0.000000;
				0.000000, 0.000000, 0.000000, 1.000000;;
			</matrix>
			<matrix type="animation_frame" frame="18">
				-0.000000, 0.000000, 1.000000, 0.000000;
				-0.000000, 1.000000, 0.000000, 0.000000;
				-1.000000, 0.000000, -0.000000, 0.000000;
				0.000000, 0.000000, 0.000000, 1.000000;;
			</matrix>
			<matrix type="animation_frame" frame="19">
				0.095408, 0.000000, 0.995438, 0.000000;
				0.000000, 1.000000, 0.000000, 0.000000;
				-0.995438, 0.000000, 0.095408, 0.000000;
				0.000000, 0.000000, 0.000000, 1.000000;;
			</matrix>
			<matrix type="animation_frame" frame="20">
				0.192138, 0.000000, 0.981368, 0.000000;
				0.000000, 1.000000, 0.000000, 0.000000;
				-0.981368, 0.000000, 0.192138, 0.000000;
				0.000000, 0.000000, 0.000000, 1.000000;;
			</matrix>
			<matrix type="animation_frame" frame="21">
				0.289966, 0.000000, 0.957037, 0.000000;
				0.000000, 1.000000, 0.000000, 0.000000;
				-0.957037, 0.000000, 0.289966, 0.000000;
				0.000000, 0.000000, 0.000000, 1.000000;;
			</matrix>
			<matrix type="animation_frame" frame="22">
				0.388413, 0.000000, 0.921486, 0.000000;
				0.000000, 1.000000, 0.000000, 0.000000;
				-0.921486, 0.000000, 0.388413, 0.000000;
				0.000000, 0.000000, 0.000000, 1.000000;;
			</matrix>
			<matrix type="animation_frame" frame="23">
				0.486550, 0.000000, 0.873653, 0.000000;
				0.000000, 1.000000, 0.000000, 0.000000;
				-0.873653, 0.000000, 0.486550, 0.000000;
				0.000000, 0.000000, 0.000000, 1.000000;;
			</matrix>
			<matrix type="animation_frame" frame="24">
				0.582811, 0.000000, 0.812608, 0.000000;
				0.000000, 1.000000, 0.000000, 0.000000;
				-0.812608, 0.000000, 0.582811, 0.000000;
				0.000000, 0.000000, 0.000000, 1.000000;;
			</matrix>
			<matrix type="animation_frame" frame="25">
				0.674904, 0.000000, 0.737906, 0.000000;
				0.000000, 1.000000, 0.000000, 0.000000;
				-0.737906, 0.000000, 0.674904, 0.000000;
				0.000000, 0.000000, 0.000000, 1.000000;;
			</matrix>
			<matrix type="animation_frame" frame="26">
				0.759935, 0.000000, 0.649999, 0.000000;
				0.000000, 1.000000, 0.000000, 0.000000;
				-0.649999, 0.000000, 0.759935, 0.000000;
				0.000000, 0.000000, 0.000000, 1.000000;;
			</matrix>
			<matrix type="animation_frame" frame="27">
				0.834807, 0.000000, 0.550543, 0.000000;
				0.000000, 1.000000, 0.000000, 0.000000;
				-0.550543, 0.000000, 0.834807, 0.000000;
				0.000000, 0.000000, 0.000000, 1.000000;;
			</matrix>
			<matrix type="animation_frame" frame="28">
				0.896808, 0.000000, 0.442420, 0.000000;
				0.000000, 1.000000, 0.000000, 0.000000;
				-0.442420, 0.000000, 0.896808, 0.000000;
				0.000000, 0.000000, 0.000000, 1.000000;;
			</matrix>
			<matrix type="animation_frame" frame="29">
				0.944187, 0.000000, 0.329409, 0.000000;
				0.000000, 1.000000, 0.000000, 0.000000;
				-0.329409, 0.000000, 0.944187, 0.000000;
				0.000000, 0.000000, 0.000000, 1.000000;;
			</matrix>
			<matrix type="animation_frame" frame="30">
				0.976481, 0.000000, 0.215603, 0.000000;
				0.000000, 1.000000, 0.000000, 0.000000;
				-0.215603, 0.000000, 0.976481, 0.000000;
				0.000000, 0.000000, 0.000000, 1.000000;;
			</matrix>
			<matrix type="animation_frame" frame="31">
				0.994494, 0.000000, 0.104792, 0.000000;
				0.000000, 1.000000, 0.000000, 0.000000;
				-0.104792, 0.000000, 0.994494, 0.000000;
				0.000000, 0.000000, 0.000000, 1.000000;;
			</matrix>
			<matrix type="animation_frame" frame="32">
				1.000000, 0.000000, 0.000000, 0.000000;
				0.000000, 1.000000, 0.000000, 0.000000;
				0.000000, 0.000000, 1.000000, 0.000000;
				0.000000, 0.000000, 0.000000, 1.000000;;
			</matrix>
		</animation>
		<animation type="pose" name="Pose.001" object="Middle">
			<matrix type="animation_frame" frame="1">
				0.707107, 0.707107, 0.000000, 0.000000;
				-0.707107, 0.707107, 0.000000, 0.000000;
				0.000000, 0.000000, 1.000000, 0.000000;
				0.000000, 0.000000, 0.000000, 1.000000;;
			</matrix>
		</animation>
		<animation type="pose" name="Pose.001" object="Top">
			<matrix type="animation_frame" frame="1">
				0.707107, 0.707107, 0.000000, 0.000000;
				-0.707107, 0.707107, 0.000000, 0.000000;
				0.000000, 0.000000, 1.000000, 0.000000;
				0.000000, 0.000000, 0.000000, 1.000000;;
			</matrix>
		</animation>
	</object>
	<object type="mesh" name="Cube">
		<matrix type="world">
		<!--matrix is row major-->
			1.000000, 0.000000, 0.000000, 0.000000;
			0.000000, 1.000000, 0.000000, 0.000000;
			0.000000, 0.000000, 1.000000, 0.000000;
			0.000000, 0.000000, -3.976384, 1.000000;;
		</matrix>
		<matrix type="local" name="Armature.001">
		<!--matrix is row major-->
			1.000000, 0.000000, 0.000000, 0.000000;
			0.000000, 1.000000, 0.000000, 0.000000;
			0.000000, 0.000000, 1.000000, 0.000000;
			0.000000, 0.000000, -1.994770, 1.000000;;
		</matrix>
		<vertices count="16">
			-1.000000, -1.000000, -1.000000;
			-1.000000, -1.000000, 1.000000;
			-1.000000, 1.000000, -1.000000;
			-1.000000, 1.000000, 1.000000;
			1.000000, -1.000000, -1.000000;
			1.000000, -1.000000, 1.000000;
			1.000000, 1.000000, -1.000000;
			1.000000, 1.000000, 1.000000;
			-1.000000, -1.000000, 3.000000;
			-1.000000, 1.000000, 3.000000;
			1.000000, -1.000000, 3.000000;
			1.000000, 1.000000, 3.000000;
			-1.000000, -1.000000, 5.000000;
			-1.000000, 1.000000, 5.000000;
			1.000000, -1.000000, 5.000000;
			1.000000, 1.000000, 5.000000;;
		</vertices>
		<vertex_groups count="3">
			Bottom;
			Middle;
			Top;;
		</vertex_groups>
		<weights count="11">
			0.921025;
			0.078975;
			0.000000;
			0.508160;
			0.486072;
			0.005769;
			0.913777;
			0.086223;
			0.507787;
			0.486373;
			0.005840;;
		</weights>
		<weights_indices count="16">
		<!--aligned vertically with vertices and horizontally with vertex_groups-->
			0/1/2;
			3/4/5;
			6/7/2;
			8/9/10;
			6/7/2;
			8/9/10;
			0/1/2;
			3/4/5;
			10/9/8;
			5/4/3;
			5/4/3;
			10/9/8;
			2/7/6;
			2/1/0;
			2/1/0;
			2/7/6;;
		</weights_indices>
		<UVs count="9">
			0.000000, 0.274225;
			0.000000, -0.177326;
			-1.000000, -0.177326;
			1.000000, -0.177326;
			1.000000, 0.274225;
			0.000000, 0.725775;
			1.000000, 0.725775;
			-1.000000, 0.274225;
			-1.000000, 0.725775;;
		</UVs>
		<normals count="6">
			-1.000000, 0.000000, 0.000000;
			0.000000, 1.000000, 0.000000;
			1.000000, 0.000000, 0.000000;
			0.000000, -1.000000, 0.000000;
			0.000000, 0.000000, -1.000000;
			0.000000, 0.000000, 1.000000;;
		</normals>
		<tangents count="2">
			0.000000, 1.000000, 0.000000;
			1.000000, 0.000000, 0.000000;;
		</tangents>
		<faces count="28">
		<!--indices order: vertex/UV/normal/tangent/bitangent_sign, na means none, either not available or applicable, such as if not exported-->
			3/0/0/0/-1, 
			2/1/0/0/-1, 
			0/2/0/0/-1;
			7/0/1/1/-1, 
			6/1/1/1/-1, 
			2/2/1/1/-1;
			5/0/2/0/1, 
			4/1/2/0/1, 
			6/3/2/0/1;
			1/0/3/1/1, 
			0/1/3/1/1, 
			4/3/3/1/1;
			2/0/4/1/-1, 
			6/4/4/1/-1, 
			4/3/4/1/-1;
			1/0/0/0/-1, 
			8/5/0/0/-1, 
			9/6/0/0/-1;
			1/0/0/0/-1, 
			3/4/0/0/-1, 
			0/1/0/0/-1;
			3/0/1/1/-1, 
			7/4/1/1/-1, 
			2/1/1/1/-1;
			7/0/2/0/1, 
			5/7/2/0/1, 
			6/1/2/0/1;
			5/0/3/1/1, 
			1/7/3/1/1, 
			4/1/3/1/1;
			0/0/4/1/-1, 
			2/5/4/1/-1, 
			4/4/4/1/-1;
			7/0/2/0/1, 
			11/5/2/0/1, 
			10/8/2/0/1;
			10/0/3/1/1, 
			14/5/3/1/1, 
			12/8/3/1/1;
			8/0/0/0/-1, 
			12/5/0/0/-1, 
			13/6/0/0/-1;
			5/0/3/1/1, 
			10/5/3/1/1, 
			8/8/3/1/1;
			3/0/1/1/-1, 
			9/5/1/1/-1, 
			11/6/1/1/-1;
			15/0/5/1/1, 
			13/7/5/1/1, 
			12/2/5/1/1;
			14/0/5/1/1, 
			15/5/5/1/1, 
			12/7/5/1/1;
			9/0/1/1/-1, 
			13/5/1/1/-1, 
			15/6/1/1/-1;
			11/0/2/0/1, 
			15/5/2/0/1, 
			14/8/2/0/1;
			3/0/0/0/-1, 
			1/7/0/0/-1, 
			9/5/0/0/-1;
			5/0/2/0/1, 
			7/4/2/0/1, 
			10/5/2/0/1;
			8/0/3/1/1, 
			10/4/3/1/1, 
			12/5/3/1/1;
			9/0/0/0/-1, 
			8/7/0/0/-1, 
			13/5/0/0/-1;
			1/0/3/1/1, 
			5/4/3/1/1, 
			8/5/3/1/1;
			7/0/1/1/-1, 
			3/7/1/1/-1, 
			11/5/1/1/-1;
			11/0/1/1/-1, 
			9/7/1/1/-1, 
			15/5/1/1/-1;
			10/0/2/0/1, 
			11/4/2/0/1, 
			14/5/2/0/1;;
		</faces>
	</object>
</scene>
